686 425 221 9 139 520 467 -13 335 711 
685 420 328 518 -91 200 167 1247 694 171 
731 366 393 81 489 888 326 576 861 308 
720 433 539 335 -1 839 -85 187 708 199 
691 409 432 227 37 677 357 247 459 535 
663 422 349 251 245 569 381 1180 52 118 
701 460 126 353 -265 405 167 626 549 567 
692 455 297 175 -243 283 829 614 564 732 
724 406 445 306 151 715 125 972 670 249 
714 563 499 251 463 582 494 688 420 17 
684 520 310 28 249 449 342 971 700 206 
677 428 383 232 -50 533 187 766 449 313 
725 356 640 297 140 555 76 558 361 499 
698 434 444 196 -110 250 -273 561 800 550 
700 361 337 308 157 709 -77 795 623 445 
740 327 441 245 122 835 233 352 908 521 
720 505 474 35 147 569 385 739 606 146 
720 340 338 357 4 606 76 793 201 543 
733 392 523 140 -3 236 75 588 546 -62 
684 459 368 95 446 606 366 667 933 447 
597 50 385 493 843 511 115 123 761 727 
570 157 257 455 692 788 586 398 207 781 
602 51 182 299 759 642 650 581 897 559 
560 23 83 251 693 636 526 298 700 311 
597 46 362 179 818 914 608 -38 675 -120 
553 110 216 303 852 461 826 412 1173 669 
578 106 165 418 454 514 631 387 804 767 
577 4 204 336 947 962 834 -206 1027 176 
613 -37 226 423 816 494 660 329 887 480 
592 12 136 523 1004 261 1152 898 1128 462 
586 133 -103 371 1005 429 690 -161 911 563 
649 149 96 176 1043 659 1224 670 632 182 
566 -1 95 294 828 535 732 636 908 25 
654 118 322 274 699 869 330 684 451 311 
681 180 137 74 832 675 928 401 509 726 
600 169 280 176 998 544 716 719 821 596 
621 143 195 143 794 994 802 565 651 145 
643 127 163 334 427 801 949 -119 794 271 
575 134 118 413 1038 546 1109 176 706 -64 
637 103 267 339 856 783 610 272 758 565 
92 187 745 629 451 323 751 206 521 849 
95 324 905 526 580 561 875 686 689 1040 
144 308 625 585 220 507 727 664 -222 410 
131 118 784 753 593 419 595 675 164 697 
132 312 724 508 454 385 746 644 399 843 
85 149 753 367 734 9 707 1247 278 1011 
143 249 815 502 317 503 765 987 329 1166 
64 141 860 450 696 348 675 295 115 752 
85 140 1005 604 823 104 698 368 839 460 
116 139 952 580 822 709 1109 822 559 706 
111 173 900 795 604 405 1228 486 324 666 
101 200 871 541 767 381 683 452 839 1210 
38 248 739 567 389 141 903 687 345 713 
65 260 767 546 459 442 744 102 1069 555 
58 131 719 610 467 403 1041 472 457 670 
133 165 824 584 605 704 833 517 528 1131 
119 189 830 673 700 353 493 410 300 124 
133 226 922 186 454 621 1220 495 535 1146 
89 155 723 365 536 340 740 823 844 1033 
143 228 972 380 336 34 463 514 638 1148 
509 440 302 -41 119 700 -88 113 644 423 
513 411 426 128 268 693 -77 118 679 684 
473 480 332 -69 -11 721 447 267 1263 824 
466 501 330 197 312 930 48 384 680 383 
444 429 206 51 83 887 340 31 784 667 
503 553 286 -160 244 1053 50 447 131 290 
479 628 153 230 231 265 -274 264 414 149 
485 429 224 -9 -123 747 15 150 703 522 
484 632 126 186 368 653 -216 75 -8 864 
464 470 285 167 180 382 350 -262 596 233 
452 540 376 -57 8 640 -6 148 812 1523 
456 571 371 -11 362 1030 228 471 547 1267 
500 509 418 135 134 664 364 258 647 19 
443 454 354 63 25 637 208 733 147 493 
520 522 335 11 341 716 261 318 796 680 
509 546 239 126 227 862 -13 67 774 148 
518 435 253 -38 177 874 -166 218 758 1372 
471 572 249 208 429 788 274 91 862 -433 
528 636 339 -162 259 719 275 419 322 286 
513 411 311 -31 553 897 9 -47 591 703 
360 845 470 406 356 623 508 621 270 -564 
427 910 708 599 813 905 522 959 -20 712 
456 702 717 452 385 949 -217 257 -411 439 
375 697 269 520 581 633 273 602 413 344 
425 700 583 320 891 669 698 1109 295 439 
412 815 745 410 230 695 -38 899 36 246 
369 774 433 382 648 181 324 891 -216 395 
402 868 533 660 462 572 678 1326 216 -95 
354 821 506 213 145 194 145 959 -195 600 
368 877 656 595 392 879 707 538 1 384 
462 726 632 456 343 851 414 670 -1 -358 
402 772 576 494 437 1180 712 382 407 459 
428 949 683 732 532 856 435 793 168 341 
420 744 637 556 520 1410 -18 295 -231 185 
420 804 579 527 599 562 292 999 457 353 
372 771 591 477 457 721 394 147 468 -447 
402 698 610 657 261 1060 194 641 209 314 
357 811 631 419 551 948 236 919 170 324 
414 650 666 643 629 793 725 800 398 -255 
433 747 410 463 484 949 251 1292 -16 35 
785 435 395 574 918 194 443 47 355 -80 
854 616 454 782 917 239 404 11 738 -838 
823 622 408 616 911 33 777 155 -183 -676 
798 653 669 707 405 586 707 -127 329 -365 
814 691 409 681 828 620 715 150 254 -97 
782 598 454 762 672 -95 553 -379 154 89 
857 383 557 551 898 372 751 304 828 770 
794 647 562 880 755 137 475 654 361 -145 
768 756 543 967 434 320 789 120 150 -430 
819 546 369 868 645 522 561 55 418 313 
812 479 420 1018 666 315 693 271 188 427 
759 708 435 898 591 214 548 145 54 -182 
780 555 633 788 945 335 28 -133 399 657 
785 709 504 909 448 238 894 -373 262 281 
801 461 707 863 823 816 811 40 1024 -191 
863 625 245 902 734 449 621 -251 1147 427 
773 650 438 790 703 433 892 -36 323 1272 
818 669 509 796 486 264 605 278 569 147 
808 642 523 963 697 77 916 -394 197 336 
811 577 571 776 647 357 509 389 480 -322 
198 684 131 287 230 484 484 578 698 409 
180 626 -47 781 535 292 335 724 -460 632 
180 830 124 828 422 179 -63 526 226 398 
198 860 145 913 363 169 230 1311 -302 -122 
246 708 -51 871 510 220 496 593 828 1056 
252 771 235 683 790 -92 -463 509 324 759 
210 667 89 747 337 472 327 1063 -69 649 
281 719 95 492 702 -337 461 1035 486 472 
239 729 282 828 360 257 227 885 393 376 
217 632 88 485 338 589 -4 871 -497 879 
249 714 -9 742 145 215 416 1452 627 102 
206 597 76 955 183 194 -12 1062 432 1157 
275 869 133 928 871 76 416 829 137 155 
208 779 -17 686 373 206 508 659 70 860 
228 662 178 695 431 -332 249 645 477 661 
209 886 104 782 725 114 173 606 -10 346 
280 676 36 766 466 482 272 700 478 159 
194 778 143 529 330 20 113 946 -177 1056 
144 691 97 801 433 72 -223 968 345 389 
190 599 115 706 598 -76 566 1209 -259 1246 
289 300 446 401 151 59 721 320 553 862 
314 231 636 430 263 90 680 580 313 448 
243 288 621 601 360 223 446 706 315 50 
338 238 709 616 485 276 356 668 91 548 
335 139 755 567 126 278 390 407 743 981 
294 366 644 512 64 -45 295 1 -115 385 
353 205 415 575 123 -15 278 781 444 589 
361 198 662 345 84 124 662 295 861 792 
326 212 669 519 284 134 459 493 471 811 
355 213 669 363 635 354 459 672 153 24 
298 253 739 350 327 -337 344 359 8 984 
372 362 649 10 82 102 25 56 772 998 
303 281 748 218 402 392 348 523 450 1631 
224 202 664 565 332 61 395 755 344 756 
273 433 760 499 269 192 870 317 364 1018 
268 413 693 607 359 667 434 -205 203 1387 
273 257 753 372 376 99 242 387 -22 691 
306 307 610 609 535 272 -250 557 546 761 
295 235 542 670 239 196 750 90 984 1238 
262 324 547 356 491 65 319 616 540 910 
